image_width: 320
image_height: 240
camera_name: duo3d_left
camera_matrix:
  rows: 3
  cols: 3
  data: [159.96622204802125, 0.0, 208.96023211537334, 0.0, 0.0, 0.0, 120.334872279303, 0.0, 1.0]
distortion_model: plumb_bob
distortion_coefficients:
  rows: 1
  cols: 5
  data: [0.0, 0.0, 0.0, 0.0, 0.0]
rectification_matrix:
  rows: 3
  cols: 3
  data: [0.0, 0.0, 0.0, 0.0, 0.0, 0.0, 0.0, 0.0, 0.0]
projection_matrix:
  rows: 3
  cols: 4
  data: [159.96622204802125, 0.0, 208.96023211537334, 0.0, 0.0, 159.96622204802125, 120.334872279303, 0.0, 0.0, 0.0, 1.0, 0.0]
