image_width: 320
image_height: 240
camera_name: duo3d_right
camera_matrix:
  rows: 3
  cols: 3
  data: [154.951887, 0.0, 150.141383, 0.0, 156.083373, 119.115954, 0.0, 0.0, 1.0]
distortion_model: plumb_bob
distortion_coefficients:
  rows: 1
  cols: 5
  data: [-0.022205, 0.007003, 0.002368, -0.010235, 0.0]
rectification_matrix:
  rows: 3
  cols: 3
  data: [0.999837, -0.017826, 0.002774, 0.017827, 0.999841, -0.000374, -0.002767, 0.000423, 0.999996]
projection_matrix:
  rows: 3
  cols: 4
  data: [159.684452, 0.0, 146.978401, -4.764320, 0.0, 159.684452, 120.694904, 0.0, 0.0, 0.0, 1.0, 0.0]
