image_width: 800
image_height: 600
camera_name: stereo_right
camera_matrix:
  rows: 3
  cols: 3
  data: [893.156682643479, 0, 377.4216493603013, 0, 0, 0, 300.9903735106047, 0, 1]
distortion_model: plumb_bob
distortion_coefficients:
  rows: 1
  cols: 5
  data: [-0.0, 0.0, 0.0, 0.0, 0.0]
rectification_matrix:
  rows: 3
  cols: 3
  data: [0.0, 0.0, 0.0, 0.0, 0.0, 0.0, 0.0, 0.0, 0.0]
projection_matrix:
  rows: 3
  cols: 4
  data: [850.765763170159, 0, 354.6987609863281, -85.5146569303692, 0, 850.765763170159, 315.5447998046875, 0, 0, 0, 1, 0]
